0 0
0 0
0 0
0 0
0 0
0 0
5 0
5 0
5 0
5 0
5 0
5 0
5 0
5 0
5 0
0 0
0 0
0 0
0 0
0 0
0 0
1 0
1 0
1 0
1 0
1 0
1 0
1 0
1 0
1 0
0 0
0 0
0 0
0 0
0 0
4 0
4 0
4 0
4 0
4 0
4 0
4 0
4 0
4 0
0 0
0 0
0 0
0 0
0 0
3 0
3 0
3 0
3 0
3 0
3 0
3 0
3 0
3 0
0 0
0 0
0 0
0 0
0 0
2 0
2 0
2 0
2 0
2 0
2 0
2 0
2 0
2 0
0 0
0 0
0 0
0 0
0 0
0 0
6 0
6 0
6 0
6 0
6 0
6 0
6 0
6 0
6 0
0 0
0 0
0 0
0 0
0 0
7 0
7 0
7 0
7 0
7 0
7 0
7 0
7 0
7 0
0 0
0 0
0 0
0 0
0 0
8 0
8 0
8 0
8 0
8 0
8 0
8 0
8 0
8 0
0 0
0 0
0 0
0 0
0 0
0 0
0 1
0 1
0 1
0 1
0 1
0 1
1 1
1 1
1 1
1 1
1 1
1 1
1 1
1 1
1 1
0 1
0 1
0 1
0 1
0 1
0 1
4 1
4 1
4 1
4 1
4 1
4 1
4 1
4 1
4 1
0 1
0 1
0 1
0 1
0 1
3 1
3 1
3 1
3 1
3 1
3 1
3 1
3 1
3 1
0 1
0 1
0 1
0 1
0 1
8 1
8 1
8 1
8 1
8 1
8 1
8 1
8 1
8 1
0 1
0 1
0 1
0 1
0 1
5 1
5 1
5 1
5 1
5 1
5 1
5 1
5 1
5 1
0 1
0 1
0 1
0 1
0 1
0 1
7 1
7 1
7 1
7 1
7 1
7 1
7 1
7 1
7 1
0 1
0 1
0 1
0 1
0 1
2 1
2 1
2 1
2 1
2 1
2 1
2 1
2 1
2 1
0 1
0 1
0 1
0 1
0 1
6 1
6 1
6 1
6 1
6 1
6 1
6 1
6 1
6 1
0 1
0 1
0 1
0 1
0 1
0 1
0 2
0 2
0 2
0 2
0 2
0 2
4 2
4 2
4 2
4 2
4 2
4 2
4 2
4 2
4 2
0 2
0 2
0 2
0 2
0 2
0 2
6 2
6 2
6 2
6 2
6 2
6 2
6 2
6 2
6 2
0 2
0 2
0 2
0 2
0 2
5 2
5 2
5 2
5 2
5 2
5 2
5 2
5 2
5 2
0 2
0 2
0 2
0 2
0 2
8 2
8 2
8 2
8 2
8 2
8 2
8 2
8 2
8 2
0 2
0 2
0 2
0 2
0 2
7 2
7 2
7 2
7 2
7 2
7 2
7 2
7 2
7 2
0 2
0 2
0 2
0 2
0 2
0 2
3 2
3 2
3 2
3 2
3 2
3 2
3 2
3 2
3 2
0 2
0 2
0 2
0 2
0 2
1 2
1 2
1 2
1 2
1 2
1 2
1 2
1 2
1 2
0 2
0 2
0 2
0 2
0 2
2 2
2 2
2 2
2 2
2 2
2 2
2 2
2 2
2 2
0 2
0 2
0 2
0 2
0 2
0 2
0 3
0 3
0 3
0 3
0 3
0 3
3 3
3 3
3 3
3 3
3 3
3 3
3 3
3 3
3 3
0 3
0 3
0 3
0 3
0 3
0 3
2 3
2 3
2 3
2 3
2 3
2 3
2 3
2 3
2 3
0 3
0 3
0 3
0 3
0 3
8 3
8 3
8 3
8 3
8 3
8 3
8 3
8 3
8 3
0 3
0 3
0 3
0 3
0 3
4 3
4 3
4 3
4 3
4 3
4 3
4 3
4 3
4 3
0 3
0 3
0 3
0 3
0 3
1 3
1 3
1 3
1 3
1 3
1 3
1 3
1 3
1 3
0 3
0 3
0 3
0 3
0 3
0 3
6 3
6 3
6 3
6 3
6 3
6 3
6 3
6 3
6 3
0 3
0 3
0 3
0 3
0 3
7 3
7 3
7 3
7 3
7 3
7 3
7 3
7 3
7 3
0 3
0 3
0 3
0 3
0 3
5 3
5 3
5 3
5 3
5 3
5 3
5 3
5 3
5 3
0 3
0 3
0 3
0 3
0 3
0 3
0 4
0 4
0 4
0 4
0 4
0 4
2 4
2 4
2 4
2 4
2 4
2 4
2 4
2 4
2 4
0 4
0 4
0 4
0 4
0 4
0 4
5 4
5 4
5 4
5 4
5 4
5 4
5 4
5 4
5 4
0 4
0 4
0 4
0 4
0 4
7 4
7 4
7 4
7 4
7 4
7 4
7 4
7 4
7 4
0 4
0 4
0 4
0 4
0 4
1 4
1 4
1 4
1 4
1 4
1 4
1 4
1 4
1 4
0 4
0 4
0 4
0 4
0 4
8 4
8 4
8 4
8 4
8 4
8 4
8 4
8 4
8 4
0 4
0 4
0 4
0 4
0 4
0 4
3 4
3 4
3 4
3 4
3 4
3 4
3 4
3 4
3 4
0 4
0 4
0 4
0 4
0 4
4 4
4 4
4 4
4 4
4 4
4 4
4 4
4 4
4 4
0 4
0 4
0 4
0 4
0 4
6 4
6 4
6 4
6 4
6 4
6 4
6 4
6 4
6 4
0 4
0 4
0 4
0 4
0 4
0 4
0 5
0 5
0 5
0 5
0 5
0 5
2 5
2 5
2 5
2 5
2 5
2 5
2 5
2 5
2 5
0 5
0 5
0 5
0 5
0 5
0 5
6 5
6 5
6 5
6 5
6 5
6 5
6 5
6 5
6 5
0 5
0 5
0 5
0 5
0 5
1 5
1 5
1 5
1 5
1 5
1 5
1 5
1 5
1 5
0 5
0 5
0 5
0 5
0 5
3 5
3 5
3 5
3 5
3 5
3 5
3 5
3 5
3 5
0 5
0 5
0 5
0 5
0 5
8 5
8 5
8 5
8 5
8 5
8 5
8 5
8 5
8 5
0 5
0 5
0 5
0 5
0 5
0 5
4 5
4 5
4 5
4 5
4 5
4 5
4 5
4 5
4 5
0 5
0 5
0 5
0 5
0 5
7 5
7 5
7 5
7 5
7 5
7 5
7 5
7 5
7 5
0 5
0 5
0 5
0 5
0 5
5 5
5 5
5 5
5 5
5 5
5 5
5 5
5 5
5 5
0 5
0 5
0 5
0 5
0 5
0 5
0 6
0 6
0 6
0 6
0 6
0 6
1 6
1 6
1 6
1 6
1 6
1 6
1 6
1 6
1 6
0 6
0 6
0 6
0 6
0 6
0 6
8 6
8 6
8 6
8 6
8 6
8 6
8 6
8 6
8 6
0 6
0 6
0 6
0 6
0 6
5 6
5 6
5 6
5 6
5 6
5 6
5 6
5 6
5 6
0 6
0 6
0 6
0 6
0 6
3 6
3 6
3 6
3 6
3 6
3 6
3 6
3 6
3 6
0 6
0 6
0 6
0 6
0 6
6 6
6 6
6 6
6 6
6 6
6 6
6 6
6 6
6 6
0 6
0 6
0 6
0 6
0 6
0 6
2 6
2 6
2 6
2 6
2 6
2 6
2 6
2 6
2 6
0 6
0 6
0 6
0 6
0 6
4 6
4 6
4 6
4 6
4 6
4 6
4 6
4 6
4 6
0 6
0 6
0 6
0 6
0 6
7 6
7 6
7 6
7 6
7 6
7 6
7 6
7 6
7 6
0 6
0 6
0 6
0 6
0 6
0 6
0 7
0 7
0 7
0 7
0 7
0 7
1 7
1 7
1 7
1 7
1 7
1 7
1 7
1 7
1 7
0 7
0 7
0 7
0 7
0 7
0 7
6 7
6 7
6 7
6 7
6 7
6 7
6 7
6 7
6 7
0 7
0 7
0 7
0 7
0 7
5 7
5 7
5 7
5 7
5 7
5 7
5 7
5 7
5 7
0 7
0 7
0 7
0 7
0 7
3 7
3 7
3 7
3 7
3 7
3 7
3 7
3 7
3 7
0 7
0 7
0 7
0 7
0 7
7 7
7 7
7 7
7 7
7 7
7 7
7 7
7 7
7 7
0 7
0 7
0 7
0 7
0 7
0 7
4 7
4 7
4 7
4 7
4 7
4 7
4 7
4 7
4 7
0 7
0 7
0 7
0 7
0 7
8 7
8 7
8 7
8 7
8 7
8 7
8 7
8 7
8 7
0 7
0 7
0 7
0 7
0 7
2 7
2 7
2 7
2 7
2 7
2 7
2 7
2 7
2 7
0 7
0 7
0 7
0 7
0 7
0 7
0 8
0 8
0 8
0 8
0 8
0 8
1 8
1 8
1 8
1 8
1 8
1 8
1 8
1 8
1 8
0 8
0 8
0 8
0 8
0 8
0 8
8 8
8 8
8 8
8 8
8 8
8 8
8 8
8 8
8 8
0 8
0 8
0 8
0 8
0 8
4 8
4 8
4 8
4 8
4 8
4 8
4 8
4 8
4 8
0 8
0 8
0 8
0 8
0 8
2 8
2 8
2 8
2 8
2 8
2 8
2 8
2 8
2 8
0 8
0 8
0 8
0 8
0 8
6 8
6 8
6 8
6 8
6 8
6 8
6 8
6 8
6 8
0 8
0 8
0 8
0 8
0 8
0 8
3 8
3 8
3 8
3 8
3 8
3 8
3 8
3 8
3 8
0 8
0 8
0 8
0 8
0 8
7 8
7 8
7 8
7 8
7 8
7 8
7 8
7 8
7 8
0 8
0 8
0 8
0 8
0 8
5 8
5 8
5 8
5 8
5 8
5 8
5 8
5 8
5 8
0 8
0 8
0 8
0 8
0 8
0 8
0 9
0 9
0 9
0 9
0 9
0 9
1 9
1 9
1 9
1 9
1 9
1 9
1 9
1 9
1 9
0 9
0 9
0 9
0 9
0 9
0 9
4 9
4 9
4 9
4 9
4 9
4 9
4 9
4 9
4 9
0 9
0 9
0 9
0 9
0 9
6 9
6 9
6 9
6 9
6 9
6 9
6 9
6 9
6 9
0 9
0 9
0 9
0 9
0 9
2 9
2 9
2 9
2 9
2 9
2 9
2 9
2 9
2 9
0 9
0 9
0 9
0 9
0 9
5 9
5 9
5 9
5 9
5 9
5 9
5 9
5 9
5 9
0 9
0 9
0 9
0 9
0 9
0 9
8 9
8 9
8 9
8 9
8 9
8 9
8 9
8 9
8 9
0 9
0 9
0 9
0 9
0 9
3 9
3 9
3 9
3 9
3 9
3 9
3 9
3 9
3 9
0 9
0 9
0 9
0 9
0 9
7 9
7 9
7 9
7 9
7 9
7 9
7 9
7 9
7 9
0 9
0 9
0 9
0 9
0 9
0 9
0 10
0 10
0 10
0 10
0 10
0 10
4 10
4 10
4 10
4 10
4 10
4 10
4 10
4 10
4 10
0 10
0 10
0 10
0 10
0 10
0 10
6 10
6 10
6 10
6 10
6 10
6 10
6 10
6 10
6 10
0 10
0 10
0 10
0 10
0 10
8 10
8 10
8 10
8 10
8 10
8 10
8 10
8 10
8 10
0 10
0 10
0 10
0 10
0 10
7 10
7 10
7 10
7 10
7 10
7 10
7 10
7 10
7 10
0 10
0 10
0 10
0 10
0 10
3 10
3 10
3 10
3 10
3 10
3 10
3 10
3 10
3 10
0 10
0 10
0 10
0 10
0 10
0 10
2 10
2 10
2 10
2 10
2 10
2 10
2 10
2 10
2 10
0 10
0 10
0 10
0 10
0 10
1 10
1 10
1 10
1 10
1 10
1 10
1 10
1 10
1 10
0 10
0 10
0 10
0 10
0 10
5 10
5 10
5 10
5 10
5 10
5 10
5 10
5 10
5 10
0 10
0 10
0 10
0 10
0 10
0 10
0 11
0 11
0 11
0 11
0 11
0 11
7 11
7 11
7 11
7 11
7 11
7 11
7 11
7 11
7 11
0 11
0 11
0 11
0 11
0 11
0 11
2 11
2 11
2 11
2 11
2 11
2 11
2 11
2 11
2 11
0 11
0 11
0 11
0 11
0 11
8 11
8 11
8 11
8 11
8 11
8 11
8 11
8 11
8 11
0 11
0 11
0 11
0 11
0 11
6 11
6 11
6 11
6 11
6 11
6 11
6 11
6 11
6 11
0 11
0 11
0 11
0 11
0 11
1 11
1 11
1 11
1 11
1 11
1 11
1 11
1 11
1 11
0 11
0 11
0 11
0 11
0 11
0 11
3 11
3 11
3 11
3 11
3 11
3 11
3 11
3 11
3 11
0 11
0 11
0 11
0 11
0 11
4 11
4 11
4 11
4 11
4 11
4 11
4 11
4 11
4 11
0 11
0 11
0 11
0 11
0 11
5 11
5 11
5 11
5 11
5 11
5 11
5 11
5 11
5 11
0 11
0 11
0 11
0 11
0 11
0 11
