0.00548488  -0.0056597  -0.000296738  0.0408255  -0.089075  1.09139  
0.00499336  -0.00534763  -0.000296738  0.0391694  -0.0761818  1.0958  
0.00598943  -0.00533619  -0.000296738  0.0523018  -0.122847  1.06597  
0.00512969  -0.00496358  -0.000296738  0.0394323  -0.0939979  1.07862  
0.00521225  -0.0046209  -0.000349612  0.0283458  -0.141538  1.0809  
0.00554981  -0.00505631  -0.000544252  0.0185274  -0.179674  1.04326  
0.0045101  -0.00440396  -0.000628374  0.0226589  -0.138682  1.09071  
0.00507747  -0.00444477  -0.000590773  0.0099451  -0.180092  1.02999  
0.0042849  -0.00478979  -0.000406279  0.0265155  -0.168283  1.09883  
0  -0  0  0  0  0  
-0.000491584  -0.000569716  0.000390605  4.32821e-05  0.0219386  0.0189475  
0.000101311  -0.000321191  0  -0.0106668  0.0196127  0.0189368  
-0.000339797  -0.000348147  0.000168701  4.45372e-05  0.0379672  0.0189348  
-0.000507304  -0.000569716  0  4.76914e-05  0.0595188  0.0189339  
0.000254028  -2.9109e-05  6.86452e-05  3.80914e-05  0.0106146  -0.00602544  
-6.76994e-05  -0.000107239  -0.000123086  -0.0034137  0.0345778  0.0131928  
-0.000317699  4.6443e-05  5.12928e-05  2.46949e-05  0.0546325  -0.017833  
-0.000608968  -6.39437e-05  0  -7.52458e-06  0.0123831  0.033378  
-0.000345228  -0.000334567  -1.32349e-23  1.57056e-05  0.0223594  0.0120729  
